1111222
1112222
1111223
1111233
1111333
1112223
1112233
1112333
1113333
1122223
1122233
1122333
1123333
1222233
1222333
1223333
2222333
2223333
1111224
1111234
1111244
1111334
1111344
1111444
1112224
1112234
1112244
1112334
1112344
1112444
1113334
1113344
1113444
1114444
1122224
1122234
1122244
1122334
1122344
1122444
1123334
1123344
1123444
1124444
1133334
1133344
1133444
1134444
1222234
1222244
1222334
1222344
1222444
1223334
1223344
1223444
1224444
1233334
1233344
1233444
1234444
1333344
1333444
1334444
2222334
2222344
2222444
2223334
2223344
2223444
2224444
2233334
2233344
2233444
2234444
2333344
2333444
2334444
3333444
3334444
1111225
1111235
1111245
1111255
1111335
1111345
1111355
1111445
1111455
1111555
1112225
1112235
1112245
1112255
1112335
1112345
1112355
1112445
1112455
1112555
1113335
1113345
1113355
1113445
1113455
1113555
1114445
1114455
1114555
1115555
1122225
1122235
1122245
1122255
1122335
1122345
1122355
1122445
1122455
1122555
1123335
1123345
1123355
1123445
1123455
1123555
1124445
1124455
1124555
1125555
1133335
1133345
1133355
1133445
1133455
1133555
1134445
1134455
1134555
1135555
1144445
1144455
1144555
1145555
1222235
1222245
1222255
1222335
1222345
1222355
1222445
1222455
1222555
1223335
1223345
1223355
1223445
1223455
1223555
1224445
1224455
1224555
1225555
1233335
1233345
1233355
1233445
1233455
1233555
1234445
1234455
1234555
1235555
1244445
1244455
1244555
1245555
1333345
1333355
1333445
1333455
1333555
1334445
1334455
1334555
1335555
1344445
1344455
1344555
1345555
1444455
1444555
1445555
2222335
2222345
2222355
2222445
2222455
2222555
2223335
2223345
2223355
2223445
2223455
2223555
2224445
2224455
2224555
2225555
2233335
2233345
2233355
2233445
2233455
2233555
2234445
2234455
2234555
2235555
2244445
2244455
2244555
2245555
2333345
2333355
2333445
2333455
2333555
2334445
2334455
2334555
2335555
2344445
2344455
2344555
2345555
2444455
2444555
2445555
3333445
3333455
3333555
3334445
3334455
3334555
3335555
3344445
3344455
3344555
3345555
3444455
3444555
3445555
4444555
4445555
1111226
1111236
1111246
1111256
1111266
1111336
1111346
1111356
1111366
1111446
1111456
1111466
1111556
1111566
1111666
1112226
1112236
1112246
1112256
1112266
1112336
1112346
1112356
1112366
1112446
1112456
1112466
1112556
1112566
1112666
1113336
1113346
1113356
1113366
1113446
1113456
1113466
1113556
1113566
1113666
1114446
1114456
1114466
1114556
1114566
1114666
1115556
1115566
1115666
1116666
1122226
1122236
1122246
1122256
1122266
1122336
1122346
1122356
1122366
1122446
1122456
1122466
1122556
1122566
1122666
1123336
1123346
1123356
1123366
1123446
1123456
1123466
1123556
1123566
1123666
1124446
1124456
1124466
1124556
1124566
1124666
1125556
1125566
1125666
1126666
1133336
1133346
1133356
1133366
1133446
1133456
1133466
1133556
1133566
1133666
1134446
1134456
1134466
1134556
1134566
1134666
1135556
1135566
1135666
1136666
1144446
1144456
1144466
1144556
1144566
1144666
1145556
1145566
1145666
1146666
1155556
1155566
1155666
1156666
1222236
1222246
1222256
1222266
1222336
1222346
1222356
1222366
1222446
1222456
1222466
1222556
1222566
1222666
1223336
1223346
1223356
1223366
1223446
1223456
1223466
1223556
1223566
1223666
1224446
1224456
1224466
1224556
1224566
1224666
1225556
1225566
1225666
1226666
1233336
1233346
1233356
1233366
1233446
1233456
1233466
1233556
1233566
1233666
1234446
1234456
1234466
1234556
1234566
1234666
1235556
1235566
1235666
1236666
1244446
1244456
1244466
1244556
1244566
1244666
1245556
1245566
1245666
1246666
1255556
1255566
1255666
1256666
1333346
1333356
1333366
1333446
1333456
1333466
1333556
1333566
1333666
1334446
1334456
1334466
1334556
1334566
1334666
1335556
1335566
1335666
1336666
1344446
1344456
1344466
1344556
1344566
1344666
1345556
1345566
1345666
1346666
1355556
1355566
1355666
1356666
1444456
1444466
1444556
1444566
1444666
1445556
1445566
1445666
1446666
1455556
1455566
1455666
1456666
1555566
1555666
1556666
2222336
2222346
2222356
2222366
2222446
2222456
2222466
2222556
2222566
2222666
2223336
2223346
2223356
2223366
2223446
2223456
2223466
2223556
2223566
2223666
2224446
2224456
2224466
2224556
2224566
2224666
2225556
2225566
2225666
2226666
2233336
2233346
2233356
2233366
2233446
2233456
2233466
2233556
2233566
2233666
2234446
2234456
2234466
2234556
2234566
2234666
2235556
2235566
2235666
2236666
2244446
2244456
2244466
2244556
2244566
2244666
2245556
2245566
2245666
2246666
2255556
2255566
2255666
2256666
2333346
2333356
2333366
2333446
2333456
2333466
2333556
2333566
2333666
2334446
2334456
2334466
2334556
2334566
2334666
2335556
2335566
2335666
2336666
2344446
2344456
2344466
2344556
2344566
2344666
2345556
2345566
2345666
2346666
2355556
2355566
2355666
2356666
2444456
2444466
2444556
2444566
2444666
2445556
2445566
2445666
2446666
2455556
2455566
2455666
2456666
2555566
2555666
2556666
3333446
3333456
3333466
3333556
3333566
3333666
3334446
3334456
3334466
3334556
3334566
3334666
3335556
3335566
3335666
3336666
3344446
3344456
3344466
3344556
3344566
3344666
3345556
3345566
3345666
3346666
3355556
3355566
3355666
3356666
3444456
3444466
3444556
3444566
3444666
3445556
3445566
3445666
3446666
3455556
3455566
3455666
3456666
3555566
3555666
3556666
4444556
4444566
4444666
4445556
4445566
4445666
4446666
4455556
4455566
4455666
4456666
4555566
4555666
4556666
5555666
5556666
1111227
1111237
1111247
1111257
1111267
1111277
1111337
1111347
1111357
1111367
1111377
1111447
1111457
1111467
1111477
1111557
1111567
1111577
1111667
1111677
1111777
1112227
1112237
1112247
1112257
1112267
1112277
1112337
1112347
1112357
1112367
1112377
1112447
1112457
1112467
1112477
1112557
1112567
1112577
1112667
1112677
1112777
1113337
1113347
1113357
1113367
1113377
1113447
1113457
1113467
1113477
1113557
1113567
1113577
1113667
1113677
1113777
1114447
1114457
1114467
1114477
1114557
1114567
1114577
1114667
1114677
1114777
1115557
1115567
1115577
1115667
1115677
1115777
1116667
1116677
1116777
1117777
1122227
1122237
1122247
1122257
1122267
1122277
1122337
1122347
1122357
1122367
1122377
1122447
1122457
1122467
1122477
1122557
1122567
1122577
1122667
1122677
1122777
1123337
1123347
1123357
1123367
1123377
1123447
1123457
1123467
1123477
1123557
1123567
1123577
1123667
1123677
1123777
1124447
1124457
1124467
1124477
1124557
1124567
1124577
1124667
1124677
1124777
1125557
1125567
1125577
1125667
1125677
1125777
1126667
1126677
1126777
1127777
1133337
1133347
1133357
1133367
1133377
1133447
1133457
1133467
1133477
1133557
1133567
1133577
1133667
1133677
1133777
1134447
1134457
1134467
1134477
1134557
1134567
1134577
1134667
1134677
1134777
1135557
1135567
1135577
1135667
1135677
1135777
1136667
1136677
1136777
1137777
1144447
1144457
1144467
1144477
1144557
1144567
1144577
1144667
1144677
1144777
1145557
1145567
1145577
1145667
1145677
1145777
1146667
1146677
1146777
1147777
1155557
1155567
1155577
1155667
1155677
1155777
1156667
1156677
1156777
1157777
1166667
1166677
1166777
1167777
1222237
1222247
1222257
1222267
1222277
1222337
1222347
1222357
1222367
1222377
1222447
1222457
1222467
1222477
1222557
1222567
1222577
1222667
1222677
1222777
1223337
1223347
1223357
1223367
1223377
1223447
1223457
1223467
1223477
1223557
1223567
1223577
1223667
1223677
1223777
1224447
1224457
1224467
1224477
1224557
1224567
1224577
1224667
1224677
1224777
1225557
1225567
1225577
1225667
1225677
1225777
1226667
1226677
1226777
1227777
1233337
1233347
1233357
1233367
1233377
1233447
1233457
1233467
1233477
1233557
1233567
1233577
1233667
1233677
1233777
1234447
1234457
1234467
1234477
1234557
1234567
1234577
1234667
1234677
1234777
1235557
1235567
1235577
1235667
1235677
1235777
1236667
1236677
1236777
1237777
1244447
1244457
1244467
1244477
1244557
1244567
1244577
1244667
1244677
1244777
1245557
1245567
1245577
1245667
1245677
1245777
1246667
1246677
1246777
1247777
1255557
1255567
1255577
1255667
1255677
1255777
1256667
1256677
1256777
1257777
1266667
1266677
1266777
1267777
1333347
1333357
1333367
1333377
1333447
1333457
1333467
1333477
1333557
1333567
1333577
1333667
1333677
1333777
1334447
1334457
1334467
1334477
1334557
1334567
1334577
1334667
1334677
1334777
1335557
1335567
1335577
1335667
1335677
1335777
1336667
1336677
1336777
1337777
1344447
1344457
1344467
1344477
1344557
1344567
1344577
1344667
1344677
1344777
1345557
1345567
1345577
1345667
1345677
1345777
1346667
1346677
1346777
1347777
1355557
1355567
1355577
1355667
1355677
1355777
1356667
1356677
1356777
1357777
1366667
1366677
1366777
1367777
1444457
1444467
1444477
1444557
1444567
1444577
1444667
1444677
1444777
1445557
1445567
1445577
1445667
1445677
1445777
1446667
1446677
1446777
1447777
1455557
1455567
1455577
1455667
1455677
1455777
1456667
1456677
1456777
1457777
1466667
1466677
1466777
1467777
1555567
1555577
1555667
1555677
1555777
1556667
1556677
1556777
1557777
1566667
1566677
1566777
1567777
1666677
1666777
1667777
2222337
2222347
2222357
2222367
2222377
2222447
2222457
2222467
2222477
2222557
2222567
2222577
2222667
2222677
2222777
2223337
2223347
2223357
2223367
2223377
2223447
2223457
2223467
2223477
2223557
2223567
2223577
2223667
2223677
2223777
2224447
2224457
2224467
2224477
2224557
2224567
2224577
2224667
2224677
2224777
2225557
2225567
2225577
2225667
2225677
2225777
2226667
2226677
2226777
2227777
2233337
2233347
2233357
2233367
2233377
2233447
2233457
2233467
2233477
2233557
2233567
2233577
2233667
2233677
2233777
2234447
2234457
2234467
2234477
2234557
2234567
2234577
2234667
2234677
2234777
2235557
2235567
2235577
2235667
2235677
2235777
2236667
2236677
2236777
2237777
2244447
2244457
2244467
2244477
2244557
2244567
2244577
2244667
2244677
2244777
2245557
2245567
2245577
2245667
2245677
2245777
2246667
2246677
2246777
2247777
2255557
2255567
2255577
2255667
2255677
2255777
2256667
2256677
2256777
2257777
2266667
2266677
2266777
2267777
2333347
2333357
2333367
2333377
2333447
2333457
2333467
2333477
2333557
2333567
2333577
2333667
2333677
2333777
2334447
2334457
2334467
2334477
2334557
2334567
2334577
2334667
2334677
2334777
2335557
2335567
2335577
2335667
2335677
2335777
2336667
2336677
2336777
2337777
2344447
2344457
2344467
2344477
2344557
2344567
2344577
2344667
2344677
2344777
2345557
2345567
2345577
2345667
2345677
2345777
2346667
2346677
2346777
2347777
2355557
2355567
2355577
2355667
2355677
2355777
2356667
2356677
2356777
2357777
2366667
2366677
2366777
2367777
2444457
2444467
2444477
2444557
2444567
2444577
2444667
2444677
2444777
2445557
2445567
2445577
2445667
2445677
2445777
2446667
2446677
2446777
2447777
2455557
2455567
2455577
2455667
2455677
2455777
2456667
2456677
2456777
2457777
2466667
2466677
2466777
2467777
2555567
2555577
2555667
2555677
2555777
2556667
2556677
2556777
2557777
2566667
2566677
2566777
2567777
2666677
2666777
2667777
3333447
3333457
3333467
3333477
3333557
3333567
3333577
3333667
3333677
3333777
3334447
3334457
3334467
3334477
3334557
3334567
3334577
3334667
3334677
3334777
3335557
3335567
3335577
3335667
3335677
3335777
3336667
3336677
3336777
3337777
3344447
3344457
3344467
3344477
3344557
3344567
3344577
3344667
3344677
3344777
3345557
3345567
3345577
3345667
3345677
3345777
3346667
3346677
3346777
3347777
3355557
3355567
3355577
3355667
3355677
3355777
3356667
3356677
3356777
3357777
3366667
3366677
3366777
3367777
3444457
3444467
3444477
3444557
3444567
3444577
3444667
3444677
3444777
3445557
3445567
3445577
3445667
3445677
3445777
3446667
3446677
3446777
3447777
3455557
3455567
3455577
3455667
3455677
3455777
3456667
3456677
3456777
3457777
3466667
3466677
3466777
3467777
3555567
3555577
3555667
3555677
3555777
3556667
3556677
3556777
3557777
3566667
3566677
3566777
3567777
3666677
3666777
3667777
4444557
4444567
4444577
4444667
4444677
4444777
4445557
4445567
4445577
4445667
4445677
4445777
4446667
4446677
4446777
4447777
4455557
4455567
4455577
4455667
4455677
4455777
4456667
4456677
4456777
4457777
4466667
4466677
4466777
4467777
4555567
4555577
4555667
4555677
4555777
4556667
4556677
4556777
4557777
4566667
4566677
4566777
4567777
4666677
4666777
4667777
5555667
5555677
5555777
5556667
5556677
5556777
5557777
5566667
5566677
5566777
5567777
5666677
5666777
5667777
6666777
6667777
1111228
1111238
1111248
1111258
1111268
1111278
1111288
1111338
1111348
1111358
1111368
1111378
1111388
1111448
1111458
1111468
1111478
1111488
1111558
1111568
1111578
1111588
1111668
1111678
1111688
1111778
1111788
1111888
1112228
1112238
1112248
1112258
1112268
1112278
1112288
1112338
1112348
1112358
1112368
1112378
1112388
1112448
1112458
1112468
1112478
1112488
1112558
1112568
1112578
1112588
1112668
1112678
1112688
1112778
1112788
1112888
1113338
1113348
1113358
1113368
1113378
1113388
1113448
1113458
1113468
1113478
1113488
1113558
1113568
1113578
1113588
1113668
1113678
1113688
1113778
1113788
1113888
1114448
1114458
1114468
1114478
1114488
1114558
1114568
1114578
1114588
1114668
1114678
1114688
1114778
1114788
1114888
1115558
1115568
1115578
1115588
1115668
1115678
1115688
1115778
1115788
1115888
1116668
1116678
1116688
1116778
1116788
1116888
1117778
1117788
1117888
1118888
1122228
1122238
1122248
1122258
1122268
1122278
1122288
1122338
1122348
1122358
1122368
1122378
1122388
1122448
1122458
1122468
1122478
1122488
1122558
1122568
1122578
1122588
1122668
1122678
1122688
1122778
1122788
1122888
1123338
1123348
1123358
1123368
1123378
1123388
1123448
1123458
1123468
1123478
1123488
1123558
1123568
1123578
1123588
1123668
1123678
1123688
1123778
1123788
1123888
1124448
1124458
1124468
1124478
1124488
1124558
1124568
1124578
1124588
1124668
1124678
1124688
1124778
1124788
1124888
1125558
1125568
1125578
1125588
1125668
1125678
1125688
1125778
1125788
1125888
1126668
1126678
1126688
1126778
1126788
1126888
1127778
1127788
1127888
1128888
1133338
1133348
1133358
1133368
1133378
1133388
1133448
1133458
1133468
1133478
1133488
1133558
1133568
1133578
1133588
1133668
1133678
1133688
1133778
1133788
1133888
1134448
1134458
1134468
1134478
1134488
1134558
1134568
1134578
1134588
1134668
1134678
1134688
1134778
1134788
1134888
1135558
1135568
1135578
1135588
1135668
1135678
1135688
1135778
1135788
1135888
1136668
1136678
1136688
1136778
1136788
1136888
1137778
1137788
1137888
1138888
1144448
1144458
1144468
1144478
1144488
1144558
1144568
1144578
1144588
1144668
1144678
1144688
1144778
1144788
1144888
1145558
1145568
1145578
1145588
1145668
1145678
1145688
1145778
1145788
1145888
1146668
1146678
1146688
1146778
1146788
1146888
1147778
1147788
1147888
1148888
1155558
1155568
1155578
1155588
1155668
1155678
1155688
1155778
1155788
1155888
1156668
1156678
1156688
1156778
1156788
1156888
1157778
1157788
1157888
1158888
1166668
1166678
1166688
1166778
1166788
1166888
1167778
1167788
1167888
1168888
1177778
1177788
1177888
1178888
1222238
1222248
1222258
1222268
1222278
1222288
1222338
1222348
1222358
1222368
1222378
1222388
1222448
1222458
1222468
1222478
1222488
1222558
1222568
1222578
1222588
1222668
1222678
1222688
1222778
1222788
1222888
1223338
1223348
1223358
1223368
1223378
1223388
1223448
1223458
1223468
1223478
1223488
1223558
1223568
1223578
1223588
1223668
1223678
1223688
1223778
1223788
1223888
1224448
1224458
1224468
1224478
1224488
1224558
1224568
1224578
1224588
1224668
1224678
1224688
1224778
1224788
1224888
1225558
1225568
1225578
1225588
1225668
1225678
1225688
1225778
1225788
1225888
1226668
1226678
1226688
1226778
1226788
1226888
1227778
1227788
1227888
1228888
1233338
1233348
1233358
1233368
1233378
1233388
1233448
1233458
1233468
1233478
1233488
1233558
1233568
1233578
1233588
1233668
1233678
1233688
1233778
1233788
1233888
1234448
1234458
1234468
1234478
1234488
1234558
1234568
1234578
1234588
1234668
1234678
1234688
1234778
1234788
1234888
1235558
1235568
1235578
1235588
1235668
1235678
1235688
1235778
1235788
1235888
1236668
1236678
1236688
1236778
1236788
1236888
1237778
1237788
1237888
1238888
1244448
1244458
1244468
1244478
1244488
1244558
1244568
1244578
1244588
1244668
1244678
1244688
1244778
1244788
1244888
1245558
1245568
1245578
1245588
1245668
1245678
1245688
1245778
1245788
1245888
1246668
1246678
1246688
1246778
1246788
1246888
1247778
1247788
1247888
1248888
1255558
1255568
1255578
1255588
1255668
1255678
1255688
1255778
1255788
1255888
1256668
1256678
1256688
1256778
1256788
1256888
1257778
1257788
1257888
1258888
1266668
1266678
1266688
1266778
1266788
1266888
1267778
1267788
1267888
1268888
1277778
1277788
1277888
1278888
1333348
1333358
1333368
1333378
1333388
1333448
1333458
1333468
1333478
1333488
1333558
1333568
1333578
1333588
1333668
1333678
1333688
1333778
1333788
1333888
1334448
1334458
1334468
1334478
1334488
1334558
1334568
1334578
1334588
1334668
1334678
1334688
1334778
1334788
1334888
1335558
1335568
1335578
1335588
1335668
1335678
1335688
1335778
1335788
1335888
1336668
1336678
1336688
1336778
1336788
1336888
1337778
1337788
1337888
1338888
1344448
1344458
1344468
1344478
1344488
1344558
1344568
1344578
1344588
1344668
1344678
1344688
1344778
1344788
1344888
1345558
1345568
1345578
1345588
1345668
1345678
1345688
1345778
1345788
1345888
1346668
1346678
1346688
1346778
1346788
1346888
1347778
1347788
1347888
1348888
1355558
1355568
1355578
1355588
1355668
1355678
1355688
1355778
1355788
1355888
1356668
1356678
1356688
1356778
1356788
1356888
1357778
1357788
1357888
1358888
1366668
1366678
1366688
1366778
1366788
1366888
1367778
1367788
1367888
1368888
1377778
1377788
1377888
1378888
1444458
1444468
1444478
1444488
1444558
1444568
1444578
1444588
1444668
1444678
1444688
1444778
1444788
1444888
1445558
1445568
1445578
1445588
1445668
1445678
1445688
1445778
1445788
1445888
1446668
1446678
1446688
1446778
1446788
1446888
1447778
1447788
1447888
1448888
1455558
1455568
1455578
1455588
1455668
1455678
1455688
1455778
1455788
1455888
1456668
1456678
1456688
1456778
1456788
1456888
1457778
1457788
1457888
1458888
1466668
1466678
1466688
1466778
1466788
1466888
1467778
1467788
1467888
1468888
1477778
1477788
1477888
1478888
1555568
1555578
1555588
1555668
1555678
1555688
1555778
1555788
1555888
1556668
1556678
1556688
1556778
1556788
1556888
1557778
1557788
1557888
1558888
1566668
1566678
1566688
1566778
1566788
1566888
1567778
1567788
1567888
1568888
1577778
1577788
1577888
1578888
1666678
1666688
1666778
1666788
1666888
1667778
1667788
1667888
1668888
1677778
1677788
1677888
1678888
1777788
1777888
1778888
2222338
2222348
2222358
2222368
2222378
2222388
2222448
2222458
2222468
2222478
2222488
2222558
2222568
2222578
2222588
2222668
2222678
2222688
2222778
2222788
2222888
2223338
2223348
2223358
2223368
2223378
2223388
2223448
2223458
2223468
2223478
2223488
2223558
2223568
2223578
2223588
2223668
2223678
2223688
2223778
2223788
2223888
2224448
2224458
2224468
2224478
2224488
2224558
2224568
2224578
2224588
2224668
2224678
2224688
2224778
2224788
2224888
2225558
2225568
2225578
2225588
2225668
2225678
2225688
2225778
2225788
2225888
2226668
2226678
2226688
2226778
2226788
2226888
2227778
2227788
2227888
2228888
2233338
2233348
2233358
2233368
2233378
2233388
2233448
2233458
2233468
2233478
2233488
2233558
2233568
2233578
2233588
2233668
2233678
2233688
2233778
2233788
2233888
2234448
2234458
2234468
2234478
2234488
2234558
2234568
2234578
2234588
2234668
2234678
2234688
2234778
2234788
2234888
2235558
2235568
2235578
2235588
2235668
2235678
2235688
2235778
2235788
2235888
2236668
2236678
2236688
2236778
2236788
2236888
2237778
2237788
2237888
2238888
2244448
2244458
2244468
2244478
2244488
2244558
2244568
2244578
2244588
2244668
2244678
2244688
2244778
2244788
2244888
2245558
2245568
2245578
2245588
2245668
2245678
2245688
2245778
2245788
2245888
2246668
2246678
2246688
2246778
2246788
2246888
2247778
2247788
2247888
2248888
2255558
2255568
2255578
2255588
2255668
2255678
2255688
2255778
2255788
2255888
2256668
2256678
2256688
2256778
2256788
2256888
2257778
2257788
2257888
2258888
2266668
2266678
2266688
2266778
2266788
2266888
2267778
2267788
2267888
2268888
2277778
2277788
2277888
2278888
2333348
2333358
2333368
2333378
2333388
2333448
2333458
2333468
2333478
2333488
2333558
2333568
2333578
2333588
2333668
2333678
2333688
2333778
2333788
2333888
2334448
2334458
2334468
2334478
2334488
2334558
2334568
2334578
2334588
2334668
2334678
2334688
2334778
2334788
2334888
2335558
2335568
2335578
2335588
2335668
2335678
2335688
2335778
2335788
2335888
2336668
2336678
2336688
2336778
2336788
2336888
2337778
2337788
2337888
2338888
2344448
2344458
2344468
2344478
2344488
2344558
2344568
2344578
2344588
2344668
2344678
2344688
2344778
2344788
2344888
2345558
2345568
2345578
2345588
2345668
2345678
2345688
2345778
2345788
2345888
2346668
2346678
2346688
2346778
2346788
2346888
2347778
2347788
2347888
2348888
2355558
2355568
2355578
2355588
2355668
2355678
2355688
2355778
2355788
2355888
2356668
2356678
2356688
2356778
2356788
2356888
2357778
2357788
2357888
2358888
2366668
2366678
2366688
2366778
2366788
2366888
2367778
2367788
2367888
2368888
2377778
2377788
2377888
2378888
2444458
2444468
2444478
2444488
2444558
2444568
2444578
2444588
2444668
2444678
2444688
2444778
2444788
2444888
2445558
2445568
2445578
2445588
2445668
2445678
2445688
2445778
2445788
2445888
2446668
2446678
2446688
2446778
2446788
2446888
2447778
2447788
2447888
2448888
2455558
2455568
2455578
2455588
2455668
2455678
2455688
2455778
2455788
2455888
2456668
2456678
2456688
2456778
2456788
2456888
2457778
2457788
2457888
2458888
2466668
2466678
2466688
2466778
2466788
2466888
2467778
2467788
2467888
2468888
2477778
2477788
2477888
2478888
2555568
2555578
2555588
2555668
2555678
2555688
2555778
2555788
2555888
2556668
2556678
2556688
2556778
2556788
2556888
2557778
2557788
2557888
2558888
2566668
2566678
2566688
2566778
2566788
2566888
2567778
2567788
2567888
2568888
2577778
2577788
2577888
2578888
2666678
2666688
2666778
2666788
2666888
2667778
2667788
2667888
2668888
2677778
2677788
2677888
2678888
2777788
2777888
2778888
3333448
3333458
3333468
3333478
3333488
3333558
3333568
3333578
3333588
3333668
3333678
3333688
3333778
3333788
3333888
3334448
3334458
3334468
3334478
3334488
3334558
3334568
3334578
3334588
3334668
3334678
3334688
3334778
3334788
3334888
3335558
3335568
3335578
3335588
3335668
3335678
3335688
3335778
3335788
3335888
3336668
3336678
3336688
3336778
3336788
3336888
3337778
3337788
3337888
3338888
3344448
3344458
3344468
3344478
3344488
3344558
3344568
3344578
3344588
3344668
3344678
3344688
3344778
3344788
3344888
3345558
3345568
3345578
3345588
3345668
3345678
3345688
3345778
3345788
3345888
3346668
3346678
3346688
3346778
3346788
3346888
3347778
3347788
3347888
3348888
3355558
3355568
3355578
3355588
3355668
3355678
3355688
3355778
3355788
3355888
3356668
3356678
3356688
3356778
3356788
3356888
3357778
3357788
3357888
3358888
3366668
3366678
3366688
3366778
3366788
3366888
3367778
3367788
3367888
3368888
3377778
3377788
3377888
3378888
3444458
3444468
3444478
3444488
3444558
3444568
3444578
3444588
3444668
3444678
3444688
3444778
3444788
3444888
3445558
3445568
3445578
3445588
3445668
3445678
3445688
3445778
3445788
3445888
3446668
3446678
3446688
3446778
3446788
3446888
3447778
3447788
3447888
3448888
3455558
3455568
3455578
3455588
3455668
3455678
3455688
3455778
3455788
3455888
3456668
3456678
3456688
3456778
3456788
3456888
3457778
3457788
3457888
3458888
3466668
3466678
3466688
3466778
3466788
3466888
3467778
3467788
3467888
3468888
3477778
3477788
3477888
3478888
3555568
3555578
3555588
3555668
3555678
3555688
3555778
3555788
3555888
3556668
3556678
3556688
3556778
3556788
3556888
3557778
3557788
3557888
3558888
3566668
3566678
3566688
3566778
3566788
3566888
3567778
3567788
3567888
3568888
3577778
3577788
3577888
3578888
3666678
3666688
3666778
3666788
3666888
3667778
3667788
3667888
3668888
3677778
3677788
3677888
3678888
3777788
3777888
3778888
4444558
4444568
4444578
4444588
4444668
4444678
4444688
4444778
4444788
4444888
4445558
4445568
4445578
4445588
4445668
4445678
4445688
4445778
4445788
4445888
4446668
4446678
4446688
4446778
4446788
4446888
4447778
4447788
4447888
4448888
4455558
4455568
4455578
4455588
4455668
4455678
4455688
4455778
4455788
4455888
4456668
4456678
4456688
4456778
4456788
4456888
4457778
4457788
4457888
4458888
4466668
4466678
4466688
4466778
4466788
4466888
4467778
4467788
4467888
4468888
4477778
4477788
4477888
4478888
4555568
4555578
4555588
4555668
4555678
4555688
4555778
4555788
4555888
4556668
4556678
4556688
4556778
4556788
4556888
4557778
4557788
4557888
4558888
4566668
4566678
4566688
4566778
4566788
4566888
4567778
4567788
4567888
4568888
4577778
4577788
4577888
4578888
4666678
4666688
4666778
4666788
4666888
4667778
4667788
4667888
4668888
4677778
4677788
4677888
4678888
4777788
4777888
4778888
5555668
5555678
5555688
5555778
5555788
5555888
5556668
5556678
5556688
5556778
5556788
5556888
5557778
5557788
5557888
5558888
5566668
5566678
5566688
5566778
5566788
5566888
5567778
5567788
5567888
5568888
5577778
5577788
5577888
5578888
5666678
5666688
5666778
5666788
5666888
5667778
5667788
5667888
5668888
5677778
5677788
5677888
5678888
5777788
5777888
5778888
6666778
6666788
6666888
6667778
6667788
6667888
6668888
6677778
6677788
6677888
6678888
6777788
6777888
6778888
7777888
7778888
1111229
1111239
1111249
1111259
1111269
1111279
1111289
1111299
1111339
1111349
1111359
1111369
1111379
1111389
1111399
1111449
1111459
1111469
1111479
1111489
1111499
1111559
1111569
1111579
1111589
1111599
1111669
1111679
1111689
1111699
1111779
1111789
1111799
1111889
1111899
1111999
1112229
1112239
1112249
1112259
1112269
1112279
1112289
1112299
1112339
1112349
1112359
1112369
1112379
1112389
1112399
1112449
1112459
1112469
1112479
1112489
1112499
1112559
1112569
1112579
1112589
1112599
1112669
1112679
1112689
1112699
1112779
1112789
1112799
1112889
1112899
1112999
1113339
1113349
1113359
1113369
1113379
1113389
1113399
1113449
1113459
1113469
1113479
1113489
1113499
1113559
1113569
1113579
1113589
1113599
1113669
1113679
1113689
1113699
1113779
1113789
1113799
1113889
1113899
1113999
1114449
1114459
1114469
1114479
1114489
1114499
1114559
1114569
1114579
1114589
1114599
1114669
1114679
1114689
1114699
1114779
1114789
1114799
1114889
1114899
1114999
1115559
1115569
1115579
1115589
1115599
1115669
1115679
1115689
1115699
1115779
1115789
1115799
1115889
1115899
1115999
1116669
1116679
1116689
1116699
1116779
1116789
1116799
1116889
1116899
1116999
1117779
1117789
1117799
1117889
1117899
1117999
1118889
1118899
1118999
1119999
1122229
1122239
1122249
1122259
1122269
1122279
1122289
1122299
1122339
1122349
1122359
1122369
1122379
1122389
1122399
1122449
1122459
1122469
1122479
1122489
1122499
1122559
1122569
1122579
1122589
1122599
1122669
1122679
1122689
1122699
1122779
1122789
1122799
1122889
1122899
1122999
1123339
1123349
1123359
1123369
1123379
1123389
1123399
1123449
1123459
1123469
1123479
1123489
1123499
1123559
1123569
1123579
1123589
1123599
1123669
1123679
1123689
1123699
1123779
1123789
1123799
1123889
1123899
1123999
1124449
1124459
1124469
1124479
1124489
1124499
1124559
1124569
1124579
1124589
1124599
1124669
1124679
1124689
1124699
1124779
1124789
1124799
1124889
1124899
1124999
1125559
1125569
1125579
1125589
1125599
1125669
1125679
1125689
1125699
1125779
1125789
1125799
1125889
1125899
1125999
1126669
1126679
1126689
1126699
1126779
1126789
1126799
1126889
1126899
1126999
1127779
1127789
1127799
1127889
1127899
1127999
1128889
1128899
1128999
1129999
1133339
1133349
1133359
1133369
1133379
1133389
1133399
1133449
1133459
1133469
1133479
1133489
1133499
1133559
1133569
1133579
1133589
1133599
1133669
1133679
1133689
1133699
1133779
1133789
1133799
1133889
1133899
1133999
1134449
1134459
1134469
1134479
1134489
1134499
1134559
1134569
1134579
1134589
1134599
1134669
1134679
1134689
1134699
1134779
1134789
1134799
1134889
1134899
1134999
1135559
1135569
1135579
1135589
1135599
1135669
1135679
1135689
1135699
1135779
1135789
1135799
1135889
1135899
1135999
1136669
1136679
1136689
1136699
1136779
1136789
1136799
1136889
1136899
1136999
1137779
1137789
1137799
1137889
1137899
1137999
1138889
1138899
1138999
1139999
1144449
1144459
1144469
1144479
1144489
1144499
1144559
1144569
1144579
1144589
1144599
1144669
1144679
1144689
1144699
1144779
1144789
1144799
1144889
1144899
1144999
1145559
1145569
1145579
1145589
1145599
1145669
1145679
1145689
1145699
1145779
1145789
1145799
1145889
1145899
1145999
1146669
1146679
1146689
1146699
1146779
1146789
1146799
1146889
1146899
1146999
1147779
1147789
1147799
1147889
1147899
1147999
1148889
1148899
1148999
1149999
1155559
1155569
1155579
1155589
1155599
1155669
1155679
1155689
1155699
1155779
1155789
1155799
1155889
1155899
1155999
1156669
1156679
1156689
1156699
1156779
1156789
1156799
1156889
1156899
1156999
1157779
1157789
1157799
1157889
1157899
1157999
1158889
1158899
1158999
1159999
1166669
1166679
1166689
1166699
1166779
1166789
1166799
1166889
1166899
1166999
1167779
1167789
1167799
1167889
1167899
1167999
1168889
1168899
1168999
1169999
1177779
1177789
1177799
1177889
1177899
1177999
1178889
1178899
1178999
1179999
1188889
1188899
1188999
1189999
1222239
1222249
1222259
1222269
1222279
1222289
1222299
1222339
1222349
1222359
1222369
1222379
1222389
1222399
1222449
1222459
1222469
1222479
1222489
1222499
1222559
1222569
1222579
1222589
1222599
1222669
1222679
1222689
1222699
1222779
1222789
1222799
1222889
1222899
1222999
1223339
1223349
1223359
1223369
1223379
1223389
1223399
1223449
1223459
1223469
1223479
1223489
1223499
1223559
1223569
1223579
1223589
1223599
1223669
1223679
1223689
1223699
1223779
1223789
1223799
1223889
1223899
1223999
1224449
1224459
1224469
1224479
1224489
1224499
1224559
1224569
1224579
1224589
1224599
1224669
1224679
1224689
1224699
1224779
1224789
1224799
1224889
1224899
1224999
1225559
1225569
1225579
1225589
1225599
1225669
1225679
1225689
1225699
1225779
1225789
1225799
1225889
1225899
1225999
1226669
1226679
1226689
1226699
1226779
1226789
1226799
1226889
1226899
1226999
1227779
1227789
1227799
1227889
1227899
1227999
1228889
1228899
1228999
1229999
1233339
1233349
1233359
1233369
1233379
1233389
1233399
1233449
1233459
1233469
1233479
1233489
1233499
1233559
1233569
1233579
1233589
1233599
1233669
1233679
1233689
1233699
1233779
1233789
1233799
1233889
1233899
1233999
1234449
1234459
1234469
1234479
1234489
1234499
1234559
1234569
1234579
1234589
1234599
1234669
1234679
1234689
1234699
1234779
1234789
1234799
1234889
1234899
1234999
1235559
1235569
1235579
1235589
1235599
1235669
1235679
1235689
1235699
1235779
1235789
1235799
1235889
1235899
1235999
1236669
1236679
1236689
1236699
1236779
1236789
1236799
1236889
1236899
1236999
1237779
1237789
1237799
1237889
1237899
1237999
1238889
1238899
1238999
1239999
1244449
1244459
1244469
1244479
1244489
1244499
1244559
1244569
1244579
1244589
1244599
1244669
1244679
1244689
1244699
1244779
1244789
1244799
1244889
1244899
1244999
1245559
1245569
1245579
1245589
1245599
1245669
1245679
1245689
1245699
1245779
1245789
1245799
1245889
1245899
1245999
1246669
1246679
1246689
1246699
1246779
1246789
1246799
1246889
1246899
1246999
1247779
1247789
1247799
1247889
1247899
1247999
1248889
1248899
1248999
1249999
1255559
1255569
1255579
1255589
1255599
1255669
1255679
1255689
1255699
1255779
1255789
1255799
1255889
1255899
1255999
1256669
1256679
1256689
1256699
1256779
1256789
1256799
1256889
1256899
1256999
1257779
1257789
1257799
1257889
1257899
1257999
1258889
1258899
1258999
1259999
1266669
1266679
1266689
1266699
1266779
1266789
1266799
1266889
1266899
1266999
1267779
1267789
1267799
1267889
1267899
1267999
1268889
1268899
1268999
1269999
1277779
1277789
1277799
1277889
1277899
1277999
1278889
1278899
1278999
1279999
1288889
1288899
1288999
1289999
1333349
1333359
1333369
1333379
1333389
1333399
1333449
1333459
1333469
1333479
1333489
1333499
1333559
1333569
1333579
1333589
1333599
1333669
1333679
1333689
1333699
1333779
1333789
1333799
1333889
1333899
1333999
1334449
1334459
1334469
1334479
1334489
1334499
1334559
1334569
1334579
1334589
1334599
1334669
1334679
1334689
1334699
1334779
1334789
1334799
1334889
1334899
1334999
1335559
1335569
1335579
1335589
1335599
1335669
1335679
1335689
1335699
1335779
1335789
1335799
1335889
1335899
1335999
1336669
1336679
1336689
1336699
1336779
1336789
1336799
1336889
1336899
1336999
1337779
1337789
1337799
1337889
1337899
1337999
1338889
1338899
1338999
1339999
1344449
1344459
1344469
1344479
1344489
1344499
1344559
1344569
1344579
1344589
1344599
1344669
1344679
1344689
1344699
1344779
1344789
1344799
1344889
1344899
1344999
1345559
1345569
1345579
1345589
1345599
1345669
1345679
1345689
1345699
1345779
1345789
1345799
1345889
1345899
1345999
1346669
1346679
1346689
1346699
1346779
1346789
1346799
1346889
1346899
1346999
1347779
1347789
1347799
1347889
1347899
1347999
1348889
1348899
1348999
1349999
1355559
1355569
1355579
1355589
1355599
1355669
1355679
1355689
1355699
1355779
1355789
1355799
1355889
1355899
1355999
1356669
1356679
1356689
1356699
1356779
1356789
1356799
1356889
1356899
1356999
1357779
1357789
1357799
1357889
1357899
1357999
1358889
1358899
1358999
1359999
1366669
1366679
1366689
1366699
1366779
1366789
1366799
1366889
1366899
1366999
1367779
1367789
1367799
1367889
1367899
1367999
1368889
1368899
1368999
1369999
1377779
1377789
1377799
1377889
1377899
1377999
1378889
1378899
1378999
1379999
1388889
1388899
1388999
1389999
1444459
1444469
1444479
1444489
1444499
1444559
1444569
1444579
1444589
1444599
1444669
1444679
1444689
1444699
1444779
1444789
1444799
1444889
1444899
1444999
1445559
1445569
1445579
1445589
1445599
1445669
1445679
1445689
1445699
1445779
1445789
1445799
1445889
1445899
1445999
1446669
1446679
1446689
1446699
1446779
1446789
1446799
1446889
1446899
1446999
1447779
1447789
1447799
1447889
1447899
1447999
1448889
1448899
1448999
1449999
1455559
1455569
1455579
1455589
1455599
1455669
1455679
1455689
1455699
1455779
1455789
1455799
1455889
1455899
1455999
1456669
1456679
1456689
1456699
1456779
1456789
1456799
1456889
1456899
1456999
1457779
1457789
1457799
1457889
1457899
1457999
1458889
1458899
1458999
1459999
1466669
1466679
1466689
1466699
1466779
1466789
1466799
1466889
1466899
1466999
1467779
1467789
1467799
1467889
1467899
1467999
1468889
1468899
1468999
1469999
1477779
1477789
1477799
1477889
1477899
1477999
1478889
1478899
1478999
1479999
1488889
1488899
1488999
1489999
1555569
1555579
1555589
1555599
1555669
1555679
1555689
1555699
1555779
1555789
1555799
1555889
1555899
1555999
1556669
1556679
1556689
1556699
1556779
1556789
1556799
1556889
1556899
1556999
1557779
1557789
1557799
1557889
1557899
1557999
1558889
1558899
1558999
1559999
1566669
1566679
1566689
1566699
1566779
1566789
1566799
1566889
1566899
1566999
1567779
1567789
1567799
1567889
1567899
1567999
1568889
1568899
1568999
1569999
1577779
1577789
1577799
1577889
1577899
1577999
1578889
1578899
1578999
1579999
1588889
1588899
1588999
1589999
1666679
1666689
1666699
1666779
1666789
1666799
1666889
1666899
1666999
1667779
1667789
1667799
1667889
1667899
1667999
1668889
1668899
1668999
1669999
1677779
1677789
1677799
1677889
1677899
1677999
1678889
1678899
1678999
1679999
1688889
1688899
1688999
1689999
1777789
1777799
1777889
1777899
1777999
1778889
1778899
1778999
1779999
1788889
1788899
1788999
1789999
1888899
1888999
1889999
2222339
2222349
2222359
2222369
2222379
2222389
2222399
2222449
2222459
2222469
2222479
2222489
2222499
2222559
2222569
2222579
2222589
2222599
2222669
2222679
2222689
2222699
2222779
2222789
2222799
2222889
2222899
2222999
2223339
2223349
2223359
2223369
2223379
2223389
2223399
2223449
2223459
2223469
2223479
2223489
2223499
2223559
2223569
2223579
2223589
2223599
2223669
2223679
2223689
2223699
2223779
2223789
2223799
2223889
2223899
2223999
2224449
2224459
2224469
2224479
2224489
2224499
2224559
2224569
2224579
2224589
2224599
2224669
2224679
2224689
2224699
2224779
2224789
2224799
2224889
2224899
2224999
2225559
2225569
2225579
2225589
2225599
2225669
2225679
2225689
2225699
2225779
2225789
2225799
2225889
2225899
2225999
2226669
2226679
2226689
2226699
2226779
2226789
2226799
2226889
2226899
2226999
2227779
2227789
2227799
2227889
2227899
2227999
2228889
2228899
2228999
2229999
2233339
2233349
2233359
2233369
2233379
2233389
2233399
2233449
2233459
2233469
2233479
2233489
2233499
2233559
2233569
2233579
2233589
2233599
2233669
2233679
2233689
2233699
2233779
2233789
2233799
2233889
2233899
2233999
2234449
2234459
2234469
2234479
2234489
2234499
2234559
2234569
2234579
2234589
2234599
2234669
2234679
2234689
2234699
2234779
2234789
2234799
2234889
2234899
2234999
2235559
2235569
2235579
2235589
2235599
2235669
2235679
2235689
2235699
2235779
2235789
2235799
2235889
2235899
2235999
2236669
2236679
2236689
2236699
2236779
2236789
2236799
2236889
2236899
2236999
2237779
2237789
2237799
2237889
2237899
2237999
2238889
2238899
2238999
2239999
2244449
2244459
2244469
2244479
2244489
2244499
2244559
2244569
2244579
2244589
2244599
2244669
2244679
2244689
2244699
2244779
2244789
2244799
2244889
2244899
2244999
2245559
2245569
2245579
2245589
2245599
2245669
2245679
2245689
2245699
2245779
2245789
2245799
2245889
2245899
2245999
2246669
2246679
2246689
2246699
2246779
2246789
2246799
2246889
2246899
2246999
2247779
2247789
2247799
2247889
2247899
2247999
2248889
2248899
2248999
2249999
2255559
2255569
2255579
2255589
2255599
2255669
2255679
2255689
2255699
2255779
2255789
2255799
2255889
2255899
2255999
2256669
2256679
2256689
2256699
2256779
2256789
2256799
2256889
2256899
2256999
2257779
2257789
2257799
2257889
2257899
2257999
2258889
2258899
2258999
2259999
2266669
2266679
2266689
2266699
2266779
2266789
2266799
2266889
2266899
2266999
2267779
2267789
2267799
2267889
2267899
2267999
2268889
2268899
2268999
2269999
2277779
2277789
2277799
2277889
2277899
2277999
2278889
2278899
2278999
2279999
2288889
2288899
2288999
2289999
2333349
2333359
2333369
2333379
2333389
2333399
2333449
2333459
2333469
2333479
2333489
2333499
2333559
2333569
2333579
2333589
2333599
2333669
2333679
2333689
2333699
2333779
2333789
2333799
2333889
2333899
2333999
2334449
2334459
2334469
2334479
2334489
2334499
2334559
2334569
2334579
2334589
2334599
2334669
2334679
2334689
2334699
2334779
2334789
2334799
2334889
2334899
2334999
2335559
2335569
2335579
2335589
2335599
2335669
2335679
2335689
2335699
2335779
2335789
2335799
2335889
2335899
2335999
2336669
2336679
2336689
2336699
2336779
2336789
2336799
2336889
2336899
2336999
2337779
2337789
2337799
2337889
2337899
2337999
2338889
2338899
2338999
2339999
2344449
2344459
2344469
2344479
2344489
2344499
2344559
2344569
2344579
2344589
2344599
2344669
2344679
2344689
2344699
2344779
2344789
2344799
2344889
2344899
2344999
2345559
2345569
2345579
2345589
2345599
2345669
2345679
2345689
2345699
2345779
2345789
2345799
2345889
2345899
2345999
2346669
2346679
2346689
2346699
2346779
2346789
2346799
2346889
2346899
2346999
2347779
2347789
2347799
2347889
2347899
2347999
2348889
2348899
2348999
2349999
2355559
2355569
2355579
2355589
2355599
2355669
2355679
2355689
2355699
2355779
2355789
2355799
2355889
2355899
2355999
2356669
2356679
2356689
2356699
2356779
2356789
2356799
2356889
2356899
2356999
2357779
2357789
2357799
2357889
2357899
2357999
2358889
2358899
2358999
2359999
2366669
2366679
2366689
2366699
2366779
2366789
2366799
2366889
2366899
2366999
2367779
2367789
2367799
2367889
2367899
2367999
2368889
2368899
2368999
2369999
2377779
2377789
2377799
2377889
2377899
2377999
2378889
2378899
2378999
2379999
2388889
2388899
2388999
2389999
2444459
2444469
2444479
2444489
2444499
2444559
2444569
2444579
2444589
2444599
2444669
2444679
2444689
2444699
2444779
2444789
2444799
2444889
2444899
2444999
2445559
2445569
2445579
2445589
2445599
2445669
2445679
2445689
2445699
2445779
2445789
2445799
2445889
2445899
2445999
2446669
2446679
2446689
2446699
2446779
2446789
2446799
2446889
2446899
2446999
2447779
2447789
2447799
2447889
2447899
2447999
2448889
2448899
2448999
2449999
2455559
2455569
2455579
2455589
2455599
2455669
2455679
2455689
2455699
2455779
2455789
2455799
2455889
2455899
2455999
2456669
2456679
2456689
2456699
2456779
2456789
2456799
2456889
2456899
2456999
2457779
2457789
2457799
2457889
2457899
2457999
2458889
2458899
2458999
2459999
2466669
2466679
2466689
2466699
2466779
2466789
2466799
2466889
2466899
2466999
2467779
2467789
2467799
2467889
2467899
2467999
2468889
2468899
2468999
2469999
2477779
2477789
2477799
2477889
2477899
2477999
2478889
2478899
2478999
2479999
2488889
2488899
2488999
2489999
2555569
2555579
2555589
2555599
2555669
2555679
2555689
2555699
2555779
2555789
2555799
2555889
2555899
2555999
2556669
2556679
2556689
2556699
2556779
2556789
2556799
2556889
2556899
2556999
2557779
2557789
2557799
2557889
2557899
2557999
2558889
2558899
2558999
2559999
2566669
2566679
2566689
2566699
2566779
2566789
2566799
2566889
2566899
2566999
2567779
2567789
2567799
2567889
2567899
2567999
2568889
2568899
2568999
2569999
2577779
2577789
2577799
2577889
2577899
2577999
2578889
2578899
2578999
2579999
2588889
2588899
2588999
2589999
2666679
2666689
2666699
2666779
2666789
2666799
2666889
2666899
2666999
2667779
2667789
2667799
2667889
2667899
2667999
2668889
2668899
2668999
2669999
2677779
2677789
2677799
2677889
2677899
2677999
2678889
2678899
2678999
2679999
2688889
2688899
2688999
2689999
2777789
2777799
2777889
2777899
2777999
2778889
2778899
2778999
2779999
2788889
2788899
2788999
2789999
2888899
2888999
2889999
3333449
3333459
3333469
3333479
3333489
3333499
3333559
3333569
3333579
3333589
3333599
3333669
3333679
3333689
3333699
3333779
3333789
3333799
3333889
3333899
3333999
3334449
3334459
3334469
3334479
3334489
3334499
3334559
3334569
3334579
3334589
3334599
3334669
3334679
3334689
3334699
3334779
3334789
3334799
3334889
3334899
3334999
3335559
3335569
3335579
3335589
3335599
3335669
3335679
3335689
3335699
3335779
3335789
3335799
3335889
3335899
3335999
3336669
3336679
3336689
3336699
3336779
3336789
3336799
3336889
3336899
3336999
3337779
3337789
3337799
3337889
3337899
3337999
3338889
3338899
3338999
3339999
3344449
3344459
3344469
3344479
3344489
3344499
3344559
3344569
3344579
3344589
3344599
3344669
3344679
3344689
3344699
3344779
3344789
3344799
3344889
3344899
3344999
3345559
3345569
3345579
3345589
3345599
3345669
3345679
3345689
3345699
3345779
3345789
3345799
3345889
3345899
3345999
3346669
3346679
3346689
3346699
3346779
3346789
3346799
3346889
3346899
3346999
3347779
3347789
3347799
3347889
3347899
3347999
3348889
3348899
3348999
3349999
3355559
3355569
3355579
3355589
3355599
3355669
3355679
3355689
3355699
3355779
3355789
3355799
3355889
3355899
3355999
3356669
3356679
3356689
3356699
3356779
3356789
3356799
3356889
3356899
3356999
3357779
3357789
3357799
3357889
3357899
3357999
3358889
3358899
3358999
3359999
3366669
3366679
3366689
3366699
3366779
3366789
3366799
3366889
3366899
3366999
3367779
3367789
3367799
3367889
3367899
3367999
3368889
3368899
3368999
3369999
3377779
3377789
3377799
3377889
3377899
3377999
3378889
3378899
3378999
3379999
3388889
3388899
3388999
3389999
3444459
3444469
3444479
3444489
3444499
3444559
3444569
3444579
3444589
3444599
3444669
3444679
3444689
3444699
3444779
3444789
3444799
3444889
3444899
3444999
3445559
3445569
3445579
3445589
3445599
3445669
3445679
3445689
3445699
3445779
3445789
3445799
3445889
3445899
3445999
3446669
3446679
3446689
3446699
3446779
3446789
3446799
3446889
3446899
3446999
3447779
3447789
3447799
3447889
3447899
3447999
3448889
3448899
3448999
3449999
3455559
3455569
3455579
3455589
3455599
3455669
3455679
3455689
3455699
3455779
3455789
3455799
3455889
3455899
3455999
3456669
3456679
3456689
3456699
3456779
3456789
3456799
3456889
3456899
3456999
3457779
3457789
3457799
3457889
3457899
3457999
3458889
3458899
3458999
3459999
3466669
3466679
3466689
3466699
3466779
3466789
3466799
3466889
3466899
3466999
3467779
3467789
3467799
3467889
3467899
3467999
3468889
3468899
3468999
3469999
3477779
3477789
3477799
3477889
3477899
3477999
3478889
3478899
3478999
3479999
3488889
3488899
3488999
3489999
3555569
3555579
3555589
3555599
3555669
3555679
3555689
3555699
3555779
3555789
3555799
3555889
3555899
3555999
3556669
3556679
3556689
3556699
3556779
3556789
3556799
3556889
3556899
3556999
3557779
3557789
3557799
3557889
3557899
3557999
3558889
3558899
3558999
3559999
3566669
3566679
3566689
3566699
3566779
3566789
3566799
3566889
3566899
3566999
3567779
3567789
3567799
3567889
3567899
3567999
3568889
3568899
3568999
3569999
3577779
3577789
3577799
3577889
3577899
3577999
3578889
3578899
3578999
3579999
3588889
3588899
3588999
3589999
3666679
3666689
3666699
3666779
3666789
3666799
3666889
3666899
3666999
3667779
3667789
3667799
3667889
3667899
3667999
3668889
3668899
3668999
3669999
3677779
3677789
3677799
3677889
3677899
3677999
3678889
3678899
3678999
3679999
3688889
3688899
3688999
3689999
3777789
3777799
3777889
3777899
3777999
3778889
3778899
3778999
3779999
3788889
3788899
3788999
3789999
3888899
3888999
3889999
4444559
4444569
4444579
4444589
4444599
4444669
4444679
4444689
4444699
4444779
4444789
4444799
4444889
4444899
4444999
4445559
4445569
4445579
4445589
4445599
4445669
4445679
4445689
4445699
4445779
4445789
4445799
4445889
4445899
4445999
4446669
4446679
4446689
4446699
4446779
4446789
4446799
4446889
4446899
4446999
4447779
4447789
4447799
4447889
4447899
4447999
4448889
4448899
4448999
4449999
4455559
4455569
4455579
4455589
4455599
4455669
4455679
4455689
4455699
4455779
4455789
4455799
4455889
4455899
4455999
4456669
4456679
4456689
4456699
4456779
4456789
4456799
4456889
4456899
4456999
4457779
4457789
4457799
4457889
4457899
4457999
4458889
4458899
4458999
4459999
4466669
4466679
4466689
4466699
4466779
4466789
4466799
4466889
4466899
4466999
4467779
4467789
4467799
4467889
4467899
4467999
4468889
4468899
4468999
4469999
4477779
4477789
4477799
4477889
4477899
4477999
4478889
4478899
4478999
4479999
4488889
4488899
4488999
4489999
4555569
4555579
4555589
4555599
4555669
4555679
4555689
4555699
4555779
4555789
4555799
4555889
4555899
4555999
4556669
4556679
4556689
4556699
4556779
4556789
4556799
4556889
4556899
4556999
4557779
4557789
4557799
4557889
4557899
4557999
4558889
4558899
4558999
4559999
4566669
4566679
4566689
4566699
4566779
4566789
4566799
4566889
4566899
4566999
4567779
4567789
4567799
4567889
4567899
4567999
4568889
4568899
4568999
4569999
4577779
4577789
4577799
4577889
4577899
4577999
4578889
4578899
4578999
4579999
4588889
4588899
4588999
4589999
4666679
4666689
4666699
4666779
4666789
4666799
4666889
4666899
4666999
4667779
4667789
4667799
4667889
4667899
4667999
4668889
4668899
4668999
4669999
4677779
4677789
4677799
4677889
4677899
4677999
4678889
4678899
4678999
4679999
4688889
4688899
4688999
4689999
4777789
4777799
4777889
4777899
4777999
4778889
4778899
4778999
4779999
4788889
4788899
4788999
4789999
4888899
4888999
4889999
5555669
5555679
5555689
5555699
5555779
5555789
5555799
5555889
5555899
5555999
5556669
5556679
5556689
5556699
5556779
5556789
5556799
5556889
5556899
5556999
5557779
5557789
5557799
5557889
5557899
5557999
5558889
5558899
5558999
5559999
5566669
5566679
5566689
5566699
5566779
5566789
5566799
5566889
5566899
5566999
5567779
5567789
5567799
5567889
5567899
5567999
5568889
5568899
5568999
5569999
5577779
5577789
5577799
5577889
5577899
5577999
5578889
5578899
5578999
5579999
5588889
5588899
5588999
5589999
5666679
5666689
5666699
5666779
5666789
5666799
5666889
5666899
5666999
5667779
5667789
5667799
5667889
5667899
5667999
5668889
5668899
5668999
5669999
5677779
5677789
5677799
5677889
5677899
5677999
5678889
5678899
5678999
5679999
5688889
5688899
5688999
5689999
5777789
5777799
5777889
5777899
5777999
5778889
5778899
5778999
5779999
5788889
5788899
5788999
5789999
5888899
5888999
5889999
6666779
6666789
6666799
6666889
6666899
6666999
6667779
6667789
6667799
6667889
6667899
6667999
6668889
6668899
6668999
6669999
6677779
6677789
6677799
6677889
6677899
6677999
6678889
6678899
6678999
6679999
6688889
6688899
6688999
6689999
6777789
6777799
6777889
6777899
6777999
6778889
6778899
6778999
6779999
6788889
6788899
6788999
6789999
6888899
6888999
6889999
7777889
7777899
7777999
7778889
7778899
7778999
7779999
7788889
7788899
7788999
7789999
7888899
7888999
7889999
8888999
8889999
